140,42
140,41
140,40
140,39
140,38
140,37
140,36
140,35
0,399
0,397
0,395
0,393
149,15
145,11
149,14
0,511
0,509
0,507
0,504
0,502
0,500
149,13
145,10
0,498
149,12
0,497
0,496
0,495
0,494
0,493
0,492
145,9
145,8
149,11
149,10
0,485
149,9
149,8
0,463
0,462
152,3
152,2
152,1
152,0
151,4
151,3
151,2
0,461
0,460
151,1
151,0
150,5
150,4
150,3
150,2
150,1
150,0
149,7
149,6
149,5
149,4
149,3
149,2
149,1
149,0
148,5
148,4
148,3
148,2
148,1
148,0
147,3
147,2
147,1
147,0
146,9
146,8
146,7
146,6
146,5
146,4
146,3
146,2
146,1
146,0
145,7
145,6
145,5
145,4
145,3
145,2
145,1
145,0
144,5
144,4
144,3
144,2
144,1
144,0
143,7
143,6
143,5
143,4
143,3
143,2
143,1
143,0
142,5
142,4
142,3
142,2
142,1
142,0
141,5
141,4
141,3
141,2
141,1
141,0
14,2
14,0
0,273
0,270
0,278
0,9
3,2
3,1
3,3
10,274
10,98
10,306
10,284
10,22
10,134
10,236
10,2
10,3
11,22
11,26
11,12
11,10
11,8
11,24
9,4
9,6
8,14
8,13
8,10
139,3
139,2
139,1
139,0
138,4
138,3
